# Remote device info url:
# Does remote device has a bundled capture device e. g., a
#     usb dongle? :
# For bundled USB devices: usb vendor id, product id
#     and device string (use dmesg or lsusb):
# Type of device controlled
#     (TV, VCR, Audio, DVD, Satellite, Cable, HTPC, ...) :
# Device(s) controlled by this remote:

begin remote

  name  LEDRemote4
  flags RAW_CODES|CONST_LENGTH
  eps            30
  aeps          100

  gap          108978

      begin raw_codes

          name KEY_A
             9500    4500     575     600     575     600
              572     603     588     587     574     600
              575     601     588     588     575     600
              575    1700     575    1700     575    1700
              575    1700     574     600     615    1700
              575    1700     575    1700     586     588
              586     600     585    1700     573     601
              585     600     585     589     584     589
              584     600     585    1700     573    1700
              575     600     585    1700     573    1700
              573    1710     586    1697     574    1708
              573

          name KEY_B
             9569    4555     554     617     600     571
              626     544     600     570     601     569
              599     571     599     571     601     568
              599    1681     598    1680     600    1682
              597    1682     596     573     597    1682
              596    1681     599    1682     599     571
              596     573     595     574     551    1727
              599     571     596     573     594     575
              550     618     600    1678     597    1682
              601    1678     600     570     595    1683
              596    1682     599    1678     600    1681
              599

          name KEY_C
             9660    4555     639     537     638     537
              639     537     637     538     638     538
              557     618     636     539     554     621
              637    1649     556    1729     636    1648
              637    1648     638     537     636    1649
              636    1648     637    1649     637     538
              635     539     636    1648     636    1649
              636     540     634     540     634     540
              635     539     633    1650     637    1648
              557     618     632     542     634    1649
              556    1727     633    1651     605    1677
              632

          name KEY_D
             9751    4491     629     549     579     598
              579     601     576     600     625     551
              578     599     579     598     579     600
              576    1711     579    1708     579    1707
              580    1709     628     549     577    1712
              575    1709     629    1658     578     601
              575     601     576     598     578     598
              575    1709     574     598     574     599
              574     599     627    1656     577    1707
              629    1657     630    1656     629     547
              576    1708     632    1656     576    1709
              573

          name KEY_E
             9691    4533     603     577     575     601
              551     628     575     625     551     599
              582     594     579     625     551     597
              575    1711     581    1704     581    1705
              579    1707     581     622     551    1709
              579    1705     585    1701     578     627
              521     628     575    1709     576     602
              547    1737     578     625     552     623
              550     625     522    1738     550    1733
              550     629     574    1709     581     596
              577    1706     578    1707     575    1712
              578

          name KEY_F
             9657    4495     575     602     614     558
              583     590     614     557     611     561
              614     558     613     559     583     589
              597    1684     571    1710     573    1710
              572    1711     572     602     568    1712
              571    1710     572    1711     615    1668
              569     604     612    1668     569     603
              570     602     613     558     610     561
              613     559     543     627     610    1670
              571     601     544    1736     572    1711
              570    1710     572    1711     570    1710
              571

          name KEY_G
             9679    4525     630     546     575     599
              576     599     576     598     575     599
              576     599     576     599     575     600
              574    1710     575    1710     574    1710
              575    1710     575     599     574    1710
              575    1709     575    1709     576    1709
              574     598     575     600     574    1710
              575     599     574     599     575     598
              576     598     574     600     574    1710
              574    1709     576     599     574    1710
              572    1712     574    1710     573    1710
              574

          name KEY_H
             9589    4497     570     602     610     559
              538     629     579     589     539     629
              562     603     564     602     560     604
              575    1701     560    1711     565    1710
              570    1711     570     603     580    1696
              567    1711     566    1711     567    1710
              572     602     615    1663     576    1711
              574     604     585     589     610     560
              545     627     613     557     582    1698
              570     602     569     602     571    1709
              572    1711     573    1710     574    1709
              572

          name KEY_I
             9650    4507     581     599     588     588
              587     587     571     605     565     602
              572     602     584     588     573     601
              570    1708     574    1706     572    1710
              572    1710     571     602     571    1710
              570    1711     571    1708     573    1710
              574     602     586     587     585     586
              574    1709     571     601     569     601
              574     601     574     599     543    1738
              569    1709     572    1709     573     600
              570    1711     575    1705     577    1706
              578

          name KEY_J
             9659    4476     594     585     618     555
              572     600     574     600     576     600
              576     598     632     546     577     600
              577    1708     575    1709     590    1694
              575    1709     605     570     572    1710
              588    1695     577    1703     593    1695
              576     599     591    1695     573     600
              572    1709     574     598     572     600
              572     600     571     600     570    1709
              572     599     572    1709     574     599
              574    1707     624    1656     577    1708
              573

          name KEY_K
             9575    4496     570     601     580     589
              540     628     579     589     578     590
              541     626     579     590     579     589
              579    1697     568    1711     568    1711
              567    1711     567     602     580    1697
              567    1711     568    1711     568     600
              580    1697     569    1710     569     600
              580     588     580     588     540     628
              580     587     580    1698     568     601
              580     587     581    1699     565    1711
              568    1710     571    1708     569    1710
              568

          name KEY_L
             9536    4569     571     600     542     654
              515     655     519     651     518     654
              543     627     543     628     519     652
              540    1713     572    1710     570    1711
              537    1738     539     655     541    1709
              539    1742     536    1737     536     630
              538    1764     539     626     513    1737
              566     626     512     652     510     655
              538     625     511    1739     565     626
              537    1714     561     628     540    1710
              590    1688     565    1710     542    1740
              563

          name KEY_M
             9461    4556     629     542     622     543
              620     541     624     540     625     540
              568     601     571     599     574     600
              575    1706     574    1709     576    1701
              581    1708     592     585     578    1708
              653    1631     575    1709     573     599
              578    1710     578    1707     576    1709
              620     553     574     599     571     600
              570     600     570    1709     573     599
              573     599     573     599     573    1709
              624    1659     574    1709     571    1710
              569

          name KEY_N
             9526    4572     529     684     491     637
              537     664     481     692     512     665
              518     660     511     661     509     694
              507    1721     538    1766     541    1709
              564    1739     519     659     519    1761
              513    1791     520    1746     548     652
              345    1913     546    1850     464    1772
              550     735     410     655     544     628
              545    1734     510     663     425    1857
              487    1796     540     613     573    1737
              520    1785     515    1748     515

          name KEY_O
             9514    4479     540     626     621     546
              617     543     620     542     621     543
              621     542     620     543     620     543
              620    1653     537    1736     539    1734
              539    1736     540     626     623    1652
              545    1733     546    1735     597     575
              609    1672     599    1680     599     574
              596    1680     635     539     608     567
              632     540     606    1677     604     568
              637     539     639    1646     583     598
              642    1648     557    1728     640    1645
              556

          name KEY_P
             9635    4525     586     587     584     591
              580     587     575     596     570     601
              570     602     569     601     579     593
              569    1710     571    1710     572    1709
              571    1710     571     601     584    1696
              570    1710     571    1710     571    1709
              571    1710     571    1710     570     602
              567     602     581     588     569     601
              582     588     567     602     582     587
              570     601     542    1736     570    1709
              571    1710     570    1710     569    1711
              570

          name KEY_Q
             9657    4497     574     601     585     589
              583     588     546     629     583     589
              614     560     583     589     614     559
              614    1666     587    1698     572    1710
              575    1710     574     601     585    1698
              573    1710     575    1712     574    1710
              574    1710     574     602     584    1697
              572     602     612     559     586     588
              585     587     587     589     569     601
              573    1706     574     602     617    1666
              579    1708     577    1711     575    1706
              577

          name KEY_R
             9570    4497     568     602     605     560
              565     602     579     589     538     629
              606     560     609     558     566     602
              568    1709     570    1711     569    1710
              570    1710     567     601     572    1705
              575    1707     576    1711     619    1662
              574    1709     573    1708     573    1709
              573     602     584     588     616     557
              587     588     587     588     544     628
              571     602     619     558     618    1663
              575    1706     576    1706     576    1709
              576

          name KEY_S
             9557    4496     567     602     577     590
              578     589     578     589     566     602
              607     561     577     590     607     560
              565    1710     569    1710     569    1710
              570    1712     573     601     613    1667
              571    1709     573    1709     573    1708
              571    1711     573     602     584     589
              587    1695     576     601     586     589
              546     629     584     588     583     590
              582    1698     569    1710     568     603
              566    1711     568    1710     568    1710
              568

          name KEY_T
             9490    4526     566     600     562     602
              562     603     563     601     577     588
              563     602     563     602     564     602
              578    1696     568    1709     569    1709
              567    1709     567     602     577    1697
              567    1711     566    1710     568    1711
              567    1711     569    1710     571     602
              582    1697     571     602     570     602
              554     619     615     559     573     600
              572     602     545    1736     573     600
              572    1710     571    1710     572    1710
              571

          name KEY_U
             9636    4492     575     600     572     601
              573     601     572     601     584     588
              569     602     583     591     581     589
              584    1696     572    1710     570    1709
              571    1709     570     601     569    1709
              572    1709     574    1709     572     601
              569     603     583     589     612     559
              582     589     569     601     571     601
              546     628     571    1709     571    1709
              573    1709     572    1711     573    1709
              574    1709     575    1710     575    1710
              573

          name KEY_V
             9679    4533     577     602     584     591
              583     595     546     628     583     594
              586     589     585     592     574     601
              587    1698     549    1738     585    1699
              575    1708     588     588     586    1698
              586    1698     587    1697     587    1697
              575     601     584     590     581     592
              574     599     584     590     585     588
              556     618     583     589     574    1709
              575    1710     574    1710     572    1710
              585    1699     547    1737     586    1697
              585

          name KEY_W
             9765    4497     581     599     593     585
              590     588     578     600     591     588
              589     590     588     588     591     587
              591    1697     591    1696     581    1709
              590    1696     619     560     590    1698
              589    1698     590    1697     579     599
              589    1699     590     586     589     590
              590     587     590     589     589     589
              588     589     588    1697     578     600
              587    1698     577    1709     576    1710
              579    1709     589    1697     578    1708
              578

          name KEY_X
             9672    4555     637     541     609     567
              609     567     610     567     608     568
              608     568     606     569     609     570
              606    1678     558    1727     608    1679
              633    1652     607     569     605    1681
              608    1677     608    1679     613    1672
              606    1679     607     567     606     569
              604     569     605     570     604     570
              603     570     604     570     603     571
              602    1681     603    1680     555    1731
              599    1681     602    1682     602    1680
              604

      end raw_codes

end remote
